662
784
203
284
788
695
515
731
518
760
644
344
938
137
169
35
161
603
844
714
22
500
570
700
469
983
929
39
345
88
389
465
839
279
556
403
752
988
397
438
986
243
362
636
565
917
648
773
447
846
537
182
252
657
904
546
32
832
944
830
535
868
419
388
19
227
128
547
183
979
907
491
99
924
991
669
807
412
987
798
202
679
312
824
525
656
720
982
908
415
61
591
820
941
384
710
286
792
1014
738
721
755
817
751
435
1023
368
427
132
774
864
256
805
309
270
574
235
172
293
653
850
214
931
353
505
697
693
980
635
189
775
480
356
60
772
24
952
307
628
320
103
459
295
477
769
336
439
660
166
613
349
548
522
856
160
652
14
410
735
18
1001
674
579
967
217
458
852
296
896
632
873
305
698
395
158
747
881
91
290
140
281
2
875
778
456
969
177
146
520
600
869
474
1009
918
453
335
932
141
52
423
303
432
420
104
115
862
383
620
701
621
560
171
373
787
159
212
746
838
278
258
785
16
776
17
1007
1003
111
545
41
23
277
471
242
604
928
107
706
609
511
36
686
332
492
757
949
1012
443
106
135
76
483
940
829
996
617
994
93
743
749
152
836
319
984
155
399
374
1019
937
31
154
1005
165
759
211
377
934
498
933
654
385
920
260
688
614
239
821
677
89
402
563
966
487
835
892
77
28
372
449
407
876
722
126
559
519
595
593
610
121
452
116
848
245
186
786
1000
744
84
730
445
703
95
843
745
678
406
867
361
927
633
220
536
12
7
874
783
426
748
238
271
430
608
221
79
306
502
156
601
1016
358
174
763
298
910
913
434
244
709
223
638
666
363
627
877
396
859
956
742
241
895
690
828
5
248
645
779
726
15
646
127
808
842
85
425
942
54
148
995
950
287
355
206
10
184
675
948
732
398
713
804
266
413
1020
625
37
65
780
789
696
428
53
405
257
327
849
795
529
207
676
672
262
663
314
228
119
935
796
495
72
801
64
740
953
534
516
444
897
962
543
476
411
951
658
624
670
523
542
1006
961
883
4
240
180
544
343
472
568
173
333
261
210
718
727
512
324
108
860
185
793
971
909
578
56
237
819
437
378
354
891
376
724
322
858
291
247
323
976
945
218
265
524
82
647
162
416
460
489
592
630
861
716
770
400
129
668
649
190
246
998
863
382
554
1018
92
297
304
216
96
275
340
55
599
878
30
736
902
232
989
87
168
123
715
484
919
380
164
170
685
699
198
590
249
269
930
1021
915
615
921
1008
451
886
719
527
734
113
33
433
587
213
98
664
768
501
800
78
509
530
665
272
330
62
791
597
302
855
566
900
840
618
681
74
541
365
965
466
605
150
63
841
1017
463
764
387
3
454
292
311
101
375
337
893
914
390
573
528
977
704
21
352
318
802
753
637
90
588
42
521
264
538
401
100
192
0
153
826
694
342
325
8
315
533
120
871
926
80
393
562
321
131
865
973
149
959
561
616
903
673
457
887
193
450
890
97
508
1015
482
589
661
112
767
643
6
549
11
575
233
725
667
143
346
705
139
392
682
513
641
797
925
733
440
110
872
894
955
911
301
71
532
348
219
999
992
889
723
712
514
631
741
473
351
366
702
467
659
689
488
750
29
680
650
497
1013
711
960
870
799
854
215
766
958
200
905
191
138
526
691
880
58
806
199
812
687
671
761
583
857
86
728
222
550
803
569
145
300
1024
370
205
765
27
479
922
253
607
866
981
506
684
481
468
475
978
176
280
758
762
567
606
441
464
59
1004
347
629
57
350
163
499
970
299
729
964
462
552
40
790
421
490
957
623
259
811
837
555
692
283
274
105
282
102
197
581
229
611
939
486
67
461
263
946
651
288
822
879
124
596
66
737
204
823
329
151
1011
386
209
517
231
906
847
831
884
834
236
381
130
404
540
310
503
334
993
25
853
436
409
739
531
756
455
134
167
494
364
777
181
947
539
316
276
109
814
417
234
943
997
622
81
360
912
504
313
936
339
294
1010
187
250
133
371
582
68
26
251
369
83
175
954
38
45
901
968
195
317
642
810
577
273
43
485
367
572
923
44
224
442
289
49
717
157
551
602
254
208
48
391
990
809
196
813
564
833
94
507
707
178
285
70
639
754
422
267
972
794
394
493
20
640
446
188
708
418
851
9
580
308
136
51
179
114
408
478
255
226
571
818
816
510
845
598
75
414
885
34
594
576
974
1
612
586
424
626
225
916
898
331
496
13
328
825
655
47
201
144
557
194
619
558
46
888
827
326
1022
585
73
781
147
117
771
379
268
584
431
553
125
230
50
341
975
470
815
985
1002
882
634
359
899
429
963
448
122
118
69
142
357
683
338
782
